# segitiga 1 #
131 60 191 0
240 132
1612 680
612 424

9999 9999

# segitiga 2.1 #
108 55 199 0
1612 680
612 424
564 560

9999 9999

# segitiga 2.2 #
108 55 199 0
1612 680
564 560
888 636

9999 9999

# segitiga 3.1 #
162 92 224 0
888 636
868 772
1612 680

9999 9999

# segitiga 3.2 #
162 92 224 0
868 772
1612 680
1092 860

9999 9999

# segitiga 4.1 #
146 70 202 0
1092 860
1612 680
1084 976

9999 9999

# segitiga 4.2 #
146 70 202 0
1084 976
1612 680
1384 1040

9999 9999

# segitiga 5 #
181 93 215 0
1384 1040
1612 680
1656 1260

9999 9999

# segitiga 6.1 #
166 3 37 0
552 1132
288 1264
164 1184

9999 9999

# segitiga 6.2 #
244 51 85 0
552 1132
288 1264
408 1348

9999 9999

# segitiga 7.1 #
182 24 13 0
245 1245
288 1264
44 1467

9999 9999

# segitiga 7.2 #
182 24 13 0
44 1467
288 1264
80 1482

9999 9999

# segitiga 8.1 #
243 51 85 0
288 1264
80 1482
121 1520

9999 9999

# segitiga 8.2 #
243 51 85 0
80 1482
121 1520
164 1879

9999 9999

# segitiga 8.3 #
243 51 85 0
121 1520
164 1879
228 1840

9999 9999

# segitiga 9.1 #
153 29 44 0
44 1467
80 1482
0 1756

9999 9999

# segitiga 9.2 #
153 29 44 0
80 1482
0 1756
164 1878

9999 9999

# segitiga 10.1 #
102 0 0 0
0 1756
164 1878
72 1965

9999 9999

# segitiga 11.1 #
153 34 34 0
72 1965
336 2143
486 1996

9999 9999

# segitiga 11.2 #
153 34 34 0
72 1965
164 1878
486 1996

9999 9999

# segitiga 12.1 #
176 26 57 0
164 1878
486 1996
229 1840

9999 9999

# segitiga 12.2 #
176 26 57 0
229 1840
486 1996
490 1905

9999 9999

# segitiga 13.1 #
182 40 49 0
486 1996
490 1905
697 1831

9999 9999

# segitiga 13.2 #
182 40 49 0
486 1996
753 1958
697 1831

9999 9999

# segitiga 14.1 #
130 11 23 0
486 1996
753 1958
336 2143

9999 9999

# segitiga 14.2 #
130 11 23 0
753 1958
336 2143
648 2146

9999 9999

# segitiga 15.1 #
101 0 0 0
753 1958
648 2146
819 2042

9999 9999

# segitiga 16.1 #
168 10 34 0
753 1958
1172 1808
819 2042

9999 9999

# segitiga 16.2 #
168 10 34 0
753 1958
1172 1808
932 1578

9999 9999

# segitiga 17.1 #
142 11 28 0
753 1958
932 1578
697 1831

9999 9999

# segitiga 17.2 #
142 11 28 0
932 1578
697 1831
814 1537

9999 9999

# segitiga 18.1 #
142 11 28 0
819 2042
932 1578
697 1831

99999 99999

#end of line